10043,1451451609043,100009,20151230124751
10044,1451451609044,100009,20151230125907
10045,1451451609045,100009,20151230160103
10046,1451451609046,100009,20151230140802
10047,1451451609047,100009,20151230201443
10048,1451451609048,100009,20151230102409
10049,1451451609049,100009,20151230200148
10050,1451451609050,100009,20151230042535
10051,1451451609051,100009,20151230025008
10052,1451451609052,100009,20151230225604
10053,1451451609053,100009,20151230220044
10054,1451451609054,100009,20151230024859
10055,1451451609055,100009,20151230212537
10056,1451451609056,100009,20151230174221
10057,1451451609057,100009,20151230163705
10058,1451451609058,100009,20151230101234
10059,1451451609059,100009,20151230003035
10060,1451451609060,100009,20151230011652
10061,1451451609061,100009,20151230105634
10062,1451451609062,100009,20151230183540
10063,1451451609063,100009,20151230042835
10064,1451451609064,100009,20151230042621
10065,1451451609065,100009,20151230233358
10066,1451451609066,100009,20151230195950
10067,1451451609067,100009,20151230060716
10068,1451451609068,100009,20151230124435
10069,1451451609069,100009,20151230222314
10070,1451451609070,100009,20151230150326
10071,1451451609071,100009,20151230034120
10072,1451451609072,100009,20151230170711
10073,1451451609073,100009,20151230100317
10074,1451451609074,100009,20151230043210
10075,1451451609075,100009,20151230174947
10076,1451451609076,100009,20151230074457
10077,1451451609077,100009,20151230055737
10078,1451451609078,100009,20151230231252
10079,1451451609079,100009,20151230134951
10080,1451451609080,100009,20151230055105
10081,1451451609081,100009,20151230162112
10082,1451451609082,100009,20151230125310
10083,1451451609083,100009,20151230000253
10084,1451451609084,100009,20151230040525
10085,1451451609085,100009,20151230060356
10086,1451451609086,100009,20151230111348
10087,1451451609087,100009,20151230143954
10088,1451451609088,100009,20151230093031
10089,1451451609089,100009,20151230161247
10090,1451451609090,100009,20151230183134
10091,1451451609091,100009,20151230200013
10092,1451451609092,100009,20151230054254
10093,1451451609093,100009,20151230054142
10094,1451451609094,100009,20151230023755
10095,1451451609095,100009,20151230180023
10096,1451451609096,100009,20151230011808
10097,1451451609097,100009,20151230050109
10098,1451451609098,100009,20151230104950
10099,1451451609099,100009,20151230071247
10100,1451451609100,100009,20151230173505
10101,1451451609101,100009,20151230223156
10102,1451451609102,100009,20151230132438
10103,1451451609103,100009,20151230205125
10104,1451451609104,100009,20151230051305
10105,1451451609105,100009,20151230121105
10106,1451451609106,100009,20151230152651
10107,1451451609107,100009,20151230093802
10108,1451451609108,100009,20151230205611
10109,1451451609109,100009,20151230094718
10110,1451451609110,100009,20151230002933
10111,1451451609111,100009,20151230135254
10112,1451451609112,100009,20151230045718
10113,1451451609113,100009,20151230185500
10114,1451451609114,100009,20151230102159
10115,1451451609115,100009,20151230035232
10116,1451451609116,100009,20151230162849
10117,1451451609117,100009,20151230231953
10118,1451451609118,100009,20151230114034
10119,1451451609119,100009,20151230032338
10120,1451451609120,100009,20151230103159
10121,1451451609121,100009,20151230051230
10122,1451451609122,100009,20151230083028
10123,1451451609123,100009,20151230003929
10124,1451451609124,100009,20151230000000
10125,1451451609125,100009,20151230162409
10126,1451451609126,100009,20151230045821
10127,1451451609127,100009,20151230194718
10128,1451451609128,100009,20151230223611
10129,1451451609129,100009,20151230120353
10130,1451451609130,100009,20151230105524
10131,1451451609131,100009,20151230195910
10132,1451451609132,100009,20151230162925
10133,1451451609133,100009,20151230195736
10134,1451451609134,100009,20151230195927
10135,1451451609135,100009,20151230004808
10136,1451451609136,100009,20151230221905
10137,1451451609137,100009,20151230050405
10138,1451451609138,100009,20151230123005
10139,1451451609139,100009,20151230032031
10140,1451451609140,100009,20151230204928
10141,1451451609141,100009,20151230071743
10142,1451451609142,100009,20151230224154
10143,1451451609143,100009,20151230055555
10144,1451451609144,100009,20151230011417
10145,1451451609145,100009,20151230173309
10146,1451451609146,100009,20151230175941
10147,1451451609147,100009,20151230235649
10148,1451451609148,100009,20151230135053
10149,1451451609149,100009,20151230185356
10150,1451451609150,100009,20151230133206
10151,1451451609151,100009,20151230113538
10152,1451451609152,100009,20151230133611
10153,1451451609153,100009,20151230140726
10154,1451451609154,100009,20151230133349
10155,1451451609155,100009,20151230122220
10156,1451451609156,100009,20151230164001
10157,1451451609157,100009,20151230064023
10158,1451451609158,100009,20151230084727
10159,1451451609159,100009,20151230030048
10160,1451451609160,100009,20151230050951
10161,1451451609161,100009,20151230055201
10162,1451451609162,100009,20151230194106
10163,1451451609163,100009,20151230120633
10164,1451451609164,100009,20151230085708
10165,1451451609165,100009,20151230065407
10166,1451451609166,100009,20151230104234
10167,1451451609167,100009,20151230133455
10168,1451451609168,100009,20151230155015
10169,1451451609169,100009,20151230044349
10170,1451451609170,100009,20151230082719
10171,1451451609171,100009,20151230104450
10172,1451451609172,100009,20151230135818
10173,1451451609173,100009,20151230063144
10174,1451451609174,100009,20151230170412
10175,1451451609175,100009,20151230101618
10176,1451451609176,100009,20151230191802
10177,1451451609177,100009,20151230131447
10178,1451451609178,100009,20151230163458
10179,1451451609179,100009,20151230103929
10180,1451451609180,100009,20151230172321
10181,1451451609181,100009,20151230200928
10182,1451451609182,100009,20151230064630
10183,1451451609183,100009,20151230212205
10184,1451451609184,100009,20151230230109
10185,1451451609185,100009,20151230124305
10186,1451451609186,100009,20151230015926
10187,1451451609187,100009,20151230171421
10188,1451451609188,100009,20151230195940
10189,1451451609189,100009,20151230224551
10190,1451451609190,100009,20151230032409
10191,1451451609191,100009,20151230115030
10192,1451451609192,100009,20151230030952
10193,1451451609193,100009,20151230024955
10194,1451451609194,100009,20151230130434
10195,1451451609195,100009,20151230230816
10196,1451451609196,100009,20151230034926
10197,1451451609197,100009,20151230063605
10198,1451451609198,100009,20151230063712
10199,1451451609199,100009,20151230105206
10200,1451451609200,100009,20151230050459
10201,1451451609201,100009,20151230173416
10202,1451451609202,100009,20151230211127
10203,1451451609203,100009,20151230071353
10204,1451451609204,100009,20151230223932
10205,1451451609205,100009,20151230182047
10206,1451451609206,100009,20151230094617
10207,1451451609207,100009,20151230200138
10208,1451451609208,100009,20151230184902
10209,1451451609209,100009,20151230153308
10210,1451451609210,100009,20151230084059
10211,1451451609211,100009,20151230071659
10212,1451451609212,100009,20151230070455
10213,1451451609213,100009,20151230091011
10214,1451451609214,100009,20151230150024
10215,1451451609215,100009,20151230233913
10216,1451451609216,100009,20151230113250
10217,1451451609217,100009,20151230045238
10218,1451451609218,100009,20151230140732
10219,1451451609219,100009,20151230135302
10220,1451451609220,100009,20151230151553
10221,1451451609221,100009,20151230115159
10222,1451451609222,100009,20151230104651
10223,1451451609223,100009,20151230210917
10224,1451451609224,100009,20151230011108
10225,1451451609225,100009,20151230194506
10226,1451451609226,100009,20151230031648
10227,1451451609227,100009,20151230153948
10228,1451451609228,100009,20151230143136
10229,1451451609229,100009,20151230062835
10230,1451451609230,100009,20151230235938
10231,1451451609231,100009,20151230062859
10232,1451451609232,100009,20151230013834
10233,1451451609233,100009,20151230205842
10234,1451451609234,100009,20151230101347
10235,1451451609235,100009,20151230163520
10236,1451451609236,100009,20151230185947
10237,1451451609237,100009,20151230140835
10238,1451451609238,100009,20151230022024
10239,1451451609239,100009,20151230232326
10240,1451451609240,100009,20151230231116
10241,1451451609241,100009,20151230122513
10242,1451451609242,100009,20151230133922
10243,1451451609243,100009,20151230173729
10244,1451451609244,100009,20151230010625
10245,1451451609245,100009,20151230022017
10246,1451451609246,100009,20151230121604
10247,1451451609247,100009,20151230100645
10248,1451451609248,100009,20151230081124
10249,1451451609249,100009,20151230050856
10250,1451451609250,100009,20151230110018
10251,1451451609251,100009,20151230074644
10252,1451451609252,100009,20151230135606
10253,1451451609253,100009,20151230212052
10254,1451451609254,100009,20151230002502
10255,1451451609255,100009,20151230012511
10256,1451451609256,100009,20151230172522
10257,1451451609257,100009,20151230113453
10258,1451451609258,100009,20151230031230
10259,1451451609259,100009,20151230082146
10260,1451451609260,100009,20151230085917
10261,1451451609261,100009,20151230052851
10262,1451451609262,100009,20151230201652
10263,1451451609263,100009,20151230100938
10264,1451451609264,100009,20151230082446
10265,1451451609265,100009,20151230101703
10266,1451451609266,100009,20151230190151
10267,1451451609267,100009,20151230042045
10268,1451451609268,100009,20151230015226
10269,1451451609269,100009,20151230123252
10270,1451451609270,100009,20151230211730
10271,1451451609271,100009,20151230091015
10272,1451451609272,100009,20151230042705
10273,1451451609273,100009,20151230013942
10274,1451451609274,100009,20151230103914
10275,1451451609275,100009,20151230200419
10276,1451451609276,100009,20151230155846
10277,1451451609277,100009,20151230083343
10278,1451451609278,100009,20151230211636
10279,1451451609279,100009,20151230173825
10280,1451451609280,100009,20151230210953
10281,1451451609281,100009,20151230145532
10282,1451451609282,100009,20151230172610
10283,1451451609283,100009,20151230045149
10284,1451451609284,100009,20151230025820
10285,1451451609285,100009,20151230131536
10286,1451451609286,100009,20151230191951
10287,1451451609287,100009,20151230082457
10288,1451451609288,100009,20151230103916
10289,1451451609289,100009,20151230230515
10290,1451451609290,100009,20151230055105
10291,1451451609291,100009,20151230032349
10292,1451451609292,100009,20151230073235
10293,1451451609293,100009,20151230131743
10294,1451451609294,100009,20151230193352
10295,1451451609295,100009,20151230034839
10296,1451451609296,100009,20151230012250
10297,1451451609297,100009,20151230002907
10298,1451451609298,100009,20151230222729
10299,1451451609299,100009,20151230204909
10300,1451451609300,100009,20151230125441
10301,1451451609301,100009,20151230224400
10302,1451451609302,100009,20151230180028
10303,1451451609303,100009,20151230034339
10304,1451451609304,100009,20151230100534
10305,1451451609305,100009,20151230195001
10306,1451451609306,100009,20151230162404
10307,1451451609307,100009,20151230144905
10308,1451451609308,100009,20151230211214
10309,1451451609309,100009,20151230095641
10310,1451451609310,100009,20151230135828
10311,1451451609311,100009,20151230051323
10312,1451451609312,100009,20151230194923
10313,1451451609313,100009,20151230084845
10314,1451451609314,100009,20151230162742
10315,1451451609315,100009,20151230232640
10316,1451451609316,100009,20151230170955
10317,1451451609317,100009,20151230135634
10318,1451451609318,100009,20151230221057
10319,1451451609319,100009,20151230181108
10320,1451451609320,100009,20151230003138
10321,1451451609321,100009,20151230113156
10322,1451451609322,100009,20151230025146
10323,1451451609323,100009,20151230022506
10324,1451451609324,100009,20151230172938
10325,1451451609325,100009,20151230040717
10326,1451451609326,100009,20151230215853
10327,1451451609327,100009,20151230064827
10328,1451451609328,100009,20151230233923
10329,1451451609329,100009,20151230010943
10330,1451451609330,100009,20151230090003
10331,1451451609331,100009,20151230010930
10332,1451451609332,100009,20151230173626
10333,1451451609333,100009,20151230023350
10334,1451451609334,100009,20151230090624
10335,1451451609335,100009,20151230083645
10336,1451451609336,100009,20151230112355
10337,1451451609337,100009,20151230002648
10338,1451451609338,100009,20151230012418
10339,1451451609339,100009,20151230102926
10340,1451451609340,100009,20151230124005
10341,1451451609341,100009,20151230103456
10342,1451451609342,100009,20151230173808
10343,1451451609343,100009,20151230061147
10344,1451451609344,100009,20151230144217
10345,1451451609345,100009,20151230021107
10346,1451451609346,100009,20151230223102
10347,1451451609347,100009,20151230022444
10348,1451451609348,100009,20151230200146
10349,1451451609349,100009,20151230113948
10350,1451451609350,100009,20151230173227
10351,1451451609351,100009,20151230040336
10352,1451451609352,100009,20151230082725
10353,1451451609353,100009,20151230120853
10354,1451451609354,100009,20151230215714
10355,1451451609355,100009,20151230034713
10356,1451451609356,100009,20151230072758
10357,1451451609357,100009,20151230175652
10358,1451451609358,100009,20151230092805
10359,1451451609359,100009,20151230043241
10360,1451451609360,100009,20151230035901
10361,1451451609361,100009,20151230144412
10362,1451451609362,100009,20151230001721
10363,1451451609363,100009,20151230043749
10364,1451451609364,100009,20151230220100
10365,1451451609365,100009,20151230031247
10366,1451451609366,100009,20151230040823
10367,1451451609367,100009,20151230022401
10368,1451451609368,100009,20151230225653
10369,1451451609369,100009,20151230143110
10370,1451451609370,100009,20151230224941
10371,1451451609371,100009,20151230234120
10372,1451451609372,100009,20151230120424
10373,1451451609373,100009,20151230062356
10374,1451451609374,100009,20151230054727
10375,1451451609375,100009,20151230025729
10376,1451451609376,100009,20151230231051
10377,1451451609377,100009,20151230225653
10378,1451451609378,100009,20151230111724
10379,1451451609379,100009,20151230220548
10380,1451451609380,100009,20151230184756
10381,1451451609381,100009,20151230192631
10382,1451451609382,100009,20151230044400
10383,1451451609383,100009,20151230053017
10384,1451451609384,100009,20151230210220
10385,1451451609385,100009,20151230025844
10386,1451451609386,100009,20151230222738
10387,1451451609387,100009,20151230162428
10388,1451451609388,100009,20151230234833
10389,1451451609389,100009,20151230141937
10390,1451451609390,100009,20151230165651
10391,1451451609391,100009,20151230065039
10392,1451451609392,100009,20151230191437
10393,1451451609393,100009,20151230010016
10394,1451451609394,100009,20151230010127
10395,1451451609395,100009,20151230190855
10396,1451451609396,100009,20151230125028
10397,1451451609397,100009,20151230223811
10398,1451451609398,100009,20151230164128
10399,1451451609399,100009,20151230073208
10400,1451451609400,100009,20151230001607
10401,1451451609401,100009,20151230172605
10402,1451451609402,100009,20151230175511
10403,1451451609403,100009,20151230230049
10404,1451451609404,100009,20151230160206
10405,1451451609405,100009,20151230031649
10406,1451451609406,100009,20151230100350
10407,1451451609407,100009,20151230145322
10408,1451451609408,100009,20151230230949
10409,1451451609409,100009,20151230145524
10410,1451451609410,100009,20151230005653
10411,1451451609411,100009,20151230183153
10412,1451451609412,100009,20151230033251
10413,1451451609413,100009,20151230151057
10414,1451451609414,100009,20151230013003
10415,1451451609415,100009,20151230181410
10416,1451451609416,100009,20151230155341
10417,1451451609417,100009,20151230032638
10418,1451451609418,100009,20151230180543
10419,1451451609419,100009,20151230191500
10420,1451451609420,100009,20151230122255
10421,1451451609421,100009,20151230194501
10422,1451451609422,100009,20151230012303
10423,1451451609423,100009,20151230020929
10424,1451451609424,100009,20151230113833
10425,1451451609425,100009,20151230043242
10426,1451451609426,100009,20151230091041
10427,1451451609427,100009,20151230060541
10428,1451451609428,100009,20151230133929
10429,1451451609429,100009,20151230191226
10430,1451451609430,100009,20151230163103
10431,1451451609431,100009,20151230185328
10432,1451451609432,100009,20151230070803
10433,1451451609433,100009,20151230071601
10434,1451451609434,100009,20151230075148
10435,1451451609435,100009,20151230035257
10436,1451451609436,100009,20151230061114
10437,1451451609437,100009,20151230162235
10438,1451451609438,100009,20151230051020
10439,1451451609439,100009,20151230052154
10440,1451451609440,100009,20151230094816
10441,1451451609441,100009,20151230233142
10442,1451451609442,100009,20151230155411
10443,1451451609443,100009,20151230022206
10444,1451451609444,100009,20151230143053
10445,1451451609445,100009,20151230201710
10446,1451451609446,100009,20151230055949
10447,1451451609447,100009,20151230180725
10448,1451451609448,100009,20151230085838
10449,1451451609449,100009,20151230053115
10450,1451451609450,100009,20151230022906
10451,1451451609451,100009,20151230065042
10452,1451451609452,100009,20151230043308
10453,1451451609453,100009,20151230012835
10454,1451451609454,100009,20151230134346
10455,1451451609455,100009,20151230043940
10456,1451451609456,100009,20151230130648
10457,1451451609457,100009,20151230041805
10458,1451451609458,100009,20151230111356
10459,1451451609459,100009,20151230061202
10460,1451451609460,100009,20151230105255
10461,1451451609461,100009,20151230092134
10462,1451451609462,100009,20151230074147
10463,1451451609463,100009,20151230162223
10464,1451451609464,100009,20151230232626
10465,1451451609465,100009,20151230110603
10466,1451451609466,100009,20151230045309
10467,1451451609467,100009,20151230082123
10468,1451451609468,100009,20151230141225
10469,1451451609469,100009,20151230214427
10470,1451451609470,100009,20151230081111
10471,1451451609471,100009,20151230123307
10472,1451451609472,100009,20151230215435
10473,1451451609473,100009,20151230013030
10474,1451451609474,100009,20151230054532
10475,1451451609475,100009,20151230184107
10476,1451451609476,100009,20151230083951
10477,1451451609477,100009,20151230013747
10478,1451451609478,100009,20151230091256
10479,1451451609479,100009,20151230222918
10480,1451451609480,100009,20151230041228
10481,1451451609481,100009,20151230023542
10482,1451451609482,100009,20151230170757
10483,1451451609483,100009,20151230032219
10484,1451451609484,100009,20151230204401
10485,1451451609485,100009,20151230231724
10486,1451451609486,100009,20151230190045
10487,1451451609487,100009,20151230172839
10488,1451451609488,100009,20151230000244
10489,1451451609489,100009,20151230061734
10490,1451451609490,100009,20151230181044
10491,1451451609491,100009,20151230113633
10492,1451451609492,100009,20151230062525
10493,1451451609493,100009,20151230152518
10494,1451451609494,100009,20151230213152
10495,1451451609495,100009,20151230115611
10496,1451451609496,100009,20151230135021
10497,1451451609497,100009,20151230012702
10498,1451451609498,100009,20151230095040
10499,1451451609499,100009,20151230205538
10500,1451451609500,100009,20151230223728
10501,1451451609501,100009,20151230201332
10502,1451451609502,100009,20151230081342
10503,1451451609503,100009,20151230154549
10504,1451451609504,100009,20151230133448
10505,1451451609505,100009,20151230233129
10506,1451451609506,100009,20151230205715
10507,1451451609507,100009,20151230175154
10508,1451451609508,100009,20151230220424
10509,1451451609509,100009,20151230101139
10510,1451451609510,100009,20151230164257
10511,1451451609511,100009,20151230193834
10512,1451451609512,100009,20151230081115
10513,1451451609513,100009,20151230184232
10514,1451451609514,100009,20151230163641
10515,1451451609515,100009,20151230042107
10516,1451451609516,100009,20151230000251
10517,1451451609517,100009,20151230222903
10518,1451451609518,100009,20151230110223
10519,1451451609519,100009,20151230052058
10520,1451451609520,100009,20151230220430
10521,1451451609521,100009,20151230101608
10522,1451451609522,100009,20151230003201
10523,1451451609523,100009,20151230170751
10524,1451451609524,100009,20151230135343
10525,1451451609525,100009,20151230160128
10526,1451451609526,100009,20151230164535
10527,1451451609527,100009,20151230071826
10528,1451451609528,100009,20151230135654
10529,1451451609529,100009,20151230194923
10530,1451451609530,100009,20151230082515
10531,1451451609531,100009,20151230053346
10532,1451451609532,100009,20151230013517
10533,1451451609533,100009,20151230224740
10534,1451451609534,100009,20151230153418
10535,1451451609535,100009,20151230101214
10536,1451451609536,100009,20151230200217
10537,1451451609537,100009,20151230074656
10538,1451451609538,100009,20151230020006
10539,1451451609539,100009,20151230215452
10540,1451451609540,100009,20151230060613
10541,1451451609541,100009,20151230041753
10542,1451451609542,100009,20151230152337
10543,1451451609543,100009,20151230022226
10544,1451451609544,100009,20151230225410
10545,1451451609545,100009,20151230183804
10546,1451451609546,100009,20151230054740
10547,1451451609547,100009,20151230193840
10548,1451451609548,100009,20151230081508
10549,1451451609549,100009,20151230131430
10550,1451451609550,100009,20151230141744
10551,1451451609551,100009,20151230053807
10552,1451451609552,100009,20151230082328
10553,1451451609553,100009,20151230045955
10554,1451451609554,100009,20151230160050
10555,1451451609555,100009,20151230112707
10556,1451451609556,100009,20151230045943
10557,1451451609557,100009,20151230152656
10558,1451451609558,100009,20151230151440
10559,1451451609559,100009,20151230012940
10560,1451451609560,100009,20151230133029
10561,1451451609561,100009,20151230144837
10562,1451451609562,100009,20151230110141
10563,1451451609563,100009,20151230182037
10564,1451451609564,100009,20151230051945
10565,1451451609565,100009,20151230180056
10566,1451451609566,100009,20151230002445
10567,1451451609567,100009,20151230204318
10568,1451451609568,100009,20151230144904
10569,1451451609569,100009,20151230000710
10570,1451451609570,100009,20151230161036
10571,1451451609571,100009,20151230045832
10572,1451451609572,100009,20151230235157
10573,1451451609573,100009,20151230202116
10574,1451451609574,100009,20151230032241
10575,1451451609575,100009,20151230221404
10576,1451451609576,100009,20151230212016
10577,1451451609577,100009,20151230095259
10578,1451451609578,100009,20151230190507
10579,1451451609579,100009,20151230092657
10580,1451451609580,100009,20151230013612
10581,1451451609581,100009,20151230164837
10582,1451451609582,100009,20151230030824
10583,1451451609583,100009,20151230204812
10584,1451451609584,100009,20151230193534
10585,1451451609585,100009,20151230044744
10586,1451451609586,100009,20151230035143
10587,1451451609587,100009,20151230224120
10588,1451451609588,100009,20151230015519
10589,1451451609589,100009,20151230125602
10590,1451451609590,100009,20151230220331
10591,1451451609591,100009,20151230050431
10592,1451451609592,100009,20151230183532
10593,1451451609593,100009,20151230235325
10594,1451451609594,100009,20151230004237
10595,1451451609595,100009,20151230005044
10596,1451451609596,100009,20151230040523
10597,1451451609597,100009,20151230032422
10598,1451451609598,100009,20151230183920
10599,1451451609599,100009,20151230080155
10600,1451451609600,100009,20151230204558
10601,1451451609601,100009,20151230151443
10602,1451451609602,100009,20151230234718
10603,1451451609603,100009,20151230160420
10604,1451451609604,100009,20151230083137
10605,1451451609605,100009,20151230033607
10606,1451451609606,100009,20151230170643
10607,1451451609607,100009,20151230180636
10608,1451451609608,100009,20151230202231
10609,1451451609609,100009,20151230142104
10610,1451451609610,100009,20151230055855
10611,1451451609611,100009,20151230145042
10612,1451451609612,100009,20151230003807
10613,1451451609613,100009,20151230183452
10614,1451451609614,100009,20151230065530
10615,1451451609615,100009,20151230103945
10616,1451451609616,100009,20151230211517
10617,1451451609617,100009,20151230111350
10618,1451451609618,100009,20151230141122
10619,1451451609619,100009,20151230134102
10620,1451451609620,100009,20151230140738
10621,1451451609621,100009,20151230182256
10622,1451451609622,100009,20151230033013
10623,1451451609623,100009,20151230093510
10624,1451451609624,100009,20151230015936
10625,1451451609625,100009,20151230085525
10626,1451451609626,100009,20151230235710
10627,1451451609627,100009,20151230071336
10628,1451451609628,100009,20151230145147
10629,1451451609629,100009,20151230191646
10630,1451451609630,100009,20151230175017
10631,1451451609631,100009,20151230075938
10632,1451451609632,100009,20151230120025
10633,1451451609633,100009,20151230192355
10634,1451451609634,100009,20151230235325
10635,1451451609635,100009,20151230164143
10636,1451451609636,100009,20151230003428
10637,1451451609637,100009,20151230022501
10638,1451451609638,100009,20151230112945
10639,1451451609639,100009,20151230235756
10640,1451451609640,100009,20151230100109
10641,1451451609641,100009,20151230195313
10642,1451451609642,100009,20151230160847
10643,1451451609643,100009,20151230200945
10644,1451451609644,100009,20151230083754
10645,1451451609645,100009,20151230112856
10646,1451451609646,100009,20151230141200
10647,1451451609647,100009,20151230081927
10648,1451451609648,100009,20151230151259
10649,1451451609649,100009,20151230053307
10650,1451451609650,100009,20151230215205
10651,1451451609651,100009,20151230165432
10652,1451451609652,100009,20151230045258
10653,1451451609653,100009,20151230134221
10654,1451451609654,100009,20151230180404
10655,1451451609655,100009,20151230170546
10656,1451451609656,100009,20151230011353
10657,1451451609657,100009,20151230122523
10658,1451451609658,100009,20151230042702
10659,1451451609659,100009,20151230100604
10660,1451451609660,100009,20151230043425
10661,1451451609661,100009,20151230100756
10662,1451451609662,100009,20151230005248
10663,1451451609663,100009,20151230075717
10664,1451451609664,100009,20151230164723
10665,1451451609665,100009,20151230114944
10666,1451451609666,100009,20151230045134
10667,1451451609667,100009,20151230011241
10668,1451451609668,100009,20151230190649
10669,1451451609669,100009,20151230095508
10670,1451451609670,100009,20151230211109
10671,1451451609671,100009,20151230065353
10672,1451451609672,100009,20151230224554
10673,1451451609673,100009,20151230000900
10674,1451451609674,100009,20151230160824
10675,1451451609675,100009,20151230182219
10676,1451451609676,100009,20151230072126
10677,1451451609677,100009,20151230065654
10678,1451451609678,100009,20151230055728
10679,1451451609679,100009,20151230102336
10680,1451451609680,100009,20151230235126
10681,1451451609681,100009,20151230023752
10682,1451451609682,100009,20151230162946
10683,1451451609683,100009,20151230150936
10684,1451451609684,100009,20151230091245
10685,1451451609685,100009,20151230110647
10686,1451451609686,100009,20151230205229
10687,1451451609687,100009,20151230020514
10688,1451451609688,100009,20151230185914
10689,1451451609689,100009,20151230140917
10690,1451451609690,100009,20151230005358
10691,1451451609691,100009,20151230143337
10692,1451451609692,100009,20151230162222
10693,1451451609693,100009,20151230120612
10694,1451451609694,100009,20151230082322
10695,1451451609695,100009,20151230211500
10696,1451451609696,100009,20151230183552
10697,1451451609697,100009,20151230104538
10698,1451451609698,100009,20151230082646
10699,1451451609699,100009,20151230105015
10700,1451451609700,100009,20151230174819
10701,1451451609701,100009,20151230064858
10702,1451451609702,100009,20151230115304
10703,1451451609703,100009,20151230160159
10704,1451451609704,100009,20151230133737
10705,1451451609705,100009,20151230142142
10706,1451451609706,100009,20151230103726
10707,1451451609707,100009,20151230084358
10708,1451451609708,100009,20151230182927
10709,1451451609709,100009,20151230215903
10710,1451451609710,100009,20151230033014
10711,1451451609711,100009,20151230235552
10712,1451451609712,100009,20151230231332
10713,1451451609713,100009,20151230220348
10714,1451451609714,100009,20151230063012
10715,1451451609715,100009,20151230050839
10716,1451451609716,100009,20151230231021
10717,1451451609717,100009,20151230182500
10718,1451451609718,100009,20151230212941
10719,1451451609719,100009,20151230234550
10720,1451451609720,100009,20151230105314
10721,1451451609721,100009,20151230042524
10722,1451451609722,100009,20151230232953
10723,1451451609723,100009,20151230201825
10724,1451451609724,100009,20151230170854
10725,1451451609725,100009,20151230020417
10726,1451451609726,100009,20151230155837
10727,1451451609727,100009,20151230043526
10728,1451451609728,100009,20151230061910
10729,1451451609729,100009,20151230225238
10730,1451451609730,100009,20151230001737
10731,1451451609731,100009,20151230215412
10732,1451451609732,100009,20151230120245
10733,1451451609733,100009,20151230235622
10734,1451451609734,100009,20151230154538
10735,1451451609735,100009,20151230115444
10736,1451451609736,100009,20151230074518
10737,1451451609737,100009,20151230011701
10738,1451451609738,100009,20151230194128
10739,1451451609739,100009,20151230111809
10740,1451451609740,100009,20151230032439
10741,1451451609741,100009,20151230052309
10742,1451451609742,100009,20151230201640
10743,1451451609743,100009,20151230044740
10744,1451451609744,100009,20151230031817
10745,1451451609745,100009,20151230181114
10746,1451451609746,100009,20151230040621
10747,1451451609747,100009,20151230060602
10748,1451451609748,100009,20151230010632
10749,1451451609749,100009,20151230185047
10750,1451451609750,100009,20151230164928
10751,1451451609751,100009,20151230092032
10752,1451451609752,100009,20151230024526
10753,1451451609753,100009,20151230084220
10754,1451451609754,100009,20151230233144
10755,1451451609755,100009,20151230040409
10756,1451451609756,100009,20151230133006
10757,1451451609757,100009,20151230100556
10758,1451451609758,100009,20151230085400
10759,1451451609759,100009,20151230081908
10760,1451451609760,100009,20151230133244
10761,1451451609761,100009,20151230225845
10762,1451451609762,100009,20151230195853
10763,1451451609763,100009,20151230161941
10764,1451451609764,100009,20151230092836
10765,1451451609765,100009,20151230233839
10766,1451451609766,100009,20151230203513
10767,1451451609767,100009,20151230030844
10768,1451451609768,100009,20151230001028
10769,1451451609769,100009,20151230114405
10770,1451451609770,100009,20151230183147
10771,1451451609771,100009,20151230212806
10772,1451451609772,100009,20151230151529
10773,1451451609773,100009,20151230170814
10774,1451451609774,100009,20151230051223
10775,1451451609775,100009,20151230160137
10776,1451451609776,100009,20151230202806
10777,1451451609777,100009,20151230051154
10778,1451451609778,100009,20151230152827
10779,1451451609779,100009,20151230062707
10780,1451451609780,100009,20151230140918
10781,1451451609781,100009,20151230002356
10782,1451451609782,100009,20151230182141
10783,1451451609783,100009,20151230232648
10784,1451451609784,100009,20151230001247
10785,1451451609785,100009,20151230090814
10786,1451451609786,100009,20151230051411
10787,1451451609787,100009,20151230181109
10788,1451451609788,100009,20151230094453
10789,1451451609789,100009,20151230003419
10790,1451451609790,100009,20151230025541
10791,1451451609791,100009,20151230103525
10792,1451451609792,100009,20151230205952
10793,1451451609793,100009,20151230200639
10794,1451451609794,100009,20151230012248
10795,1451451609795,100009,20151230030234
10796,1451451609796,100009,20151230004112
10797,1451451609797,100009,20151230174822
10798,1451451609798,100009,20151230152617
10799,1451451609799,100009,20151230054653
10800,1451451609800,100009,20151230040441
10801,1451451609801,100009,20151230080141
10802,1451451609802,100009,20151230163259
10803,1451451609803,100009,20151230221438
10804,1451451609804,100009,20151230213614
10805,1451451609805,100009,20151230092342
10806,1451451609806,100009,20151230000027
10807,1451451609807,100009,20151230180247
10808,1451451609808,100009,20151230113250
10809,1451451609809,100009,20151230104248
10810,1451451609810,100009,20151230014213
10811,1451451609811,100009,20151230041329
10812,1451451609812,100009,20151230011429
10813,1451451609813,100009,20151230092601
10814,1451451609814,100009,20151230124649
10815,1451451609815,100009,20151230073438
10816,1451451609816,100009,20151230144400
10817,1451451609817,100009,20151230073750
10818,1451451609818,100009,20151230222609
10819,1451451609819,100009,20151230040514
10820,1451451609820,100009,20151230141539
10821,1451451609821,100009,20151230132150
10822,1451451609822,100009,20151230175043
10823,1451451609823,100009,20151230130450
10824,1451451609824,100009,20151230022930
10825,1451451609825,100009,20151230014258
10826,1451451609826,100009,20151230062334
10827,1451451609827,100009,20151230093156
10828,1451451609828,100009,20151230123514
10829,1451451609829,100009,20151230040046
10830,1451451609830,100009,20151230133441
10831,1451451609831,100009,20151230095033
10832,1451451609832,100009,20151230022537
10833,1451451609833,100009,20151230085557
10834,1451451609834,100009,20151230071436
10835,1451451609835,100009,20151230075249
10836,1451451609836,100009,20151230134603
10837,1451451609837,100009,20151230181626
10838,1451451609838,100009,20151230134454
10839,1451451609839,100009,20151230035112
10840,1451451609840,100009,20151230072342
10841,1451451609841,100009,20151230090401
10842,1451451609842,100009,20151230211010
10843,1451451609843,100009,20151230045207
10844,1451451609844,100009,20151230011924
10845,1451451609845,100009,20151230071315
10846,1451451609846,100009,20151230195852
10847,1451451609847,100009,20151230164242
10848,1451451609848,100009,20151230044122
10849,1451451609849,100009,20151230013935
10850,1451451609850,100009,20151230083626
10851,1451451609851,100009,20151230153059
10852,1451451609852,100009,20151230202331
10853,1451451609853,100009,20151230120629
10854,1451451609854,100009,20151230200521
10855,1451451609855,100009,20151230132316
10856,1451451609856,100009,20151230081505
10857,1451451609857,100009,20151230085443
10858,1451451609858,100009,20151230174216
10859,1451451609859,100009,20151230091647
10860,1451451609860,100009,20151230230548
10861,1451451609861,100009,20151230172543
10862,1451451609862,100009,20151230195052
10863,1451451609863,100009,20151230110550
10864,1451451609864,100009,20151230032258
10865,1451451609865,100009,20151230205421
10866,1451451609866,100009,20151230191343
10867,1451451609867,100009,20151230045835
10868,1451451609868,100009,20151230120054
10869,1451451609869,100009,20151230140703
10870,1451451609870,100009,20151230234804
10871,1451451609871,100009,20151230062137
10872,1451451609872,100009,20151230120952
10873,1451451609873,100009,20151230024405
10874,1451451609874,100009,20151230172002
10875,1451451609875,100009,20151230171311
10876,1451451609876,100009,20151230101427
10877,1451451609877,100009,20151230235431
10878,1451451609878,100009,20151230053544
10879,1451451609879,100009,20151230120808
10880,1451451609880,100009,20151230054629
10881,1451451609881,100009,20151230052759
10882,1451451609882,100009,20151230185946
10883,1451451609883,100009,20151230041800
10884,1451451609884,100009,20151230062159
10885,1451451609885,100009,20151230162945
10886,1451451609886,100009,20151230051120
10887,1451451609887,100009,20151230175238
10888,1451451609888,100009,20151230214639
10889,1451451609889,100009,20151230222344
10890,1451451609890,100009,20151230222955
10891,1451451609891,100009,20151230033406
10892,1451451609892,100009,20151230062724
10893,1451451609893,100009,20151230061908
10894,1451451609894,100009,20151230165135
10895,1451451609895,100009,20151230020129
10896,1451451609896,100009,20151230040047
10897,1451451609897,100009,20151230212643
10898,1451451609898,100009,20151230041317
10899,1451451609899,100009,20151230211944
10900,1451451609900,100009,20151230035149
10901,1451451609901,100009,20151230114505
10902,1451451609902,100009,20151230095255
10903,1451451609903,100009,20151230082101
10904,1451451609904,100009,20151230163916
10905,1451451609905,100009,20151230010955
10906,1451451609906,100009,20151230001159
10907,1451451609907,100009,20151230131456
10908,1451451609908,100009,20151230041119
10909,1451451609909,100009,20151230152513
10910,1451451609910,100009,20151230085640
10911,1451451609911,100009,20151230095810
10912,1451451609912,100009,20151230054754
10913,1451451609913,100009,20151230232944
10914,1451451609914,100009,20151230063202
10915,1451451609915,100009,20151230034350
10916,1451451609916,100009,20151230074245
10917,1451451609917,100009,20151230234548
10918,1451451609918,100009,20151230135119
10919,1451451609919,100009,20151230095813
10920,1451451609920,100009,20151230003137
10921,1451451609921,100009,20151230164206
10922,1451451609922,100009,20151230005317
10923,1451451609923,100009,20151230080432
10924,1451451609924,100009,20151230050857
10925,1451451609925,100009,20151230044639
10926,1451451609926,100009,20151230205051
10927,1451451609927,100009,20151230201003
10928,1451451609928,100009,20151230072703
10929,1451451609929,100009,20151230133310
10930,1451451609930,100009,20151230052646
10931,1451451609931,100009,20151230162454
10932,1451451609932,100009,20151230020130
10933,1451451609933,100009,20151230150253
10934,1451451609934,100009,20151230095108
10935,1451451609935,100009,20151230080142
10936,1451451609936,100009,20151230111004
10937,1451451609937,100009,20151230040149
10938,1451451609938,100009,20151230105305
10939,1451451609939,100009,20151230005048
10940,1451451609940,100009,20151230030922
10941,1451451609941,100009,20151230041958
10942,1451451609942,100009,20151230073340
10943,1451451609943,100009,20151230032021
10944,1451451609944,100009,20151230055654
10945,1451451609945,100009,20151230173611
10946,1451451609946,100009,20151230111107
10947,1451451609947,100009,20151230154935
10948,1451451609948,100009,20151230032013
10949,1451451609949,100009,20151230010123
10950,1451451609950,100009,20151230152611
10951,1451451609951,100009,20151230064321
10952,1451451609952,100009,20151230230914
10953,1451451609953,100009,20151230015341
10954,1451451609954,100009,20151230181855
10955,1451451609955,100009,20151230081258
10956,1451451609956,100009,20151230155346
10957,1451451609957,100009,20151230065117
10958,1451451609958,100009,20151230144620
10959,1451451609959,100009,20151230125559
10960,1451451609960,100009,20151230155501
10961,1451451609961,100009,20151230212314
10962,1451451609962,100009,20151230232346
10963,1451451609963,100009,20151230235749
10964,1451451609964,100009,20151230163313
10965,1451451609965,100009,20151230151251
10966,1451451609966,100009,20151230132116
10967,1451451609967,100009,20151230125516
10968,1451451609968,100009,20151230164833
10969,1451451609969,100009,20151230151902
10970,1451451609970,100009,20151230053745
10971,1451451609971,100009,20151230120620
10972,1451451609972,100009,20151230072321
10973,1451451609973,100009,20151230210019
10974,1451451609974,100009,20151230164802
10975,1451451609975,100009,20151230044633
10976,1451451609976,100009,20151230115311
10977,1451451609977,100009,20151230021520
10978,1451451609978,100009,20151230052427
10979,1451451609979,100009,20151230042837
10980,1451451609980,100009,20151230190403
10981,1451451609981,100009,20151230134328
10982,1451451609982,100009,20151230233417
10983,1451451609983,100009,20151230012531
10984,1451451609984,100009,20151230090831
10985,1451451609985,100009,20151230025109
10986,1451451609986,100009,20151230031442
10987,1451451609987,100009,20151230085159
10988,1451451609988,100009,20151230010215
10989,1451451609989,100009,20151230012149
10990,1451451609990,100009,20151230060044
10991,1451451609991,100009,20151230232931
10992,1451451609992,100009,20151230194405
10993,1451451609993,100009,20151230100255
10994,1451451609994,100009,20151230190610
10995,1451451609995,100009,20151230223136
10996,1451451609996,100009,20151230073343
10997,1451451609997,100009,20151230135847
10998,1451451609998,100009,20151230180641
10999,1451451609999,100009,20151230060417
11000,1451451610000,100010,20151230041254
11001,1451451610001,100010,20151230162554
11002,1451451610002,100010,20151230053943
11003,1451451610003,100010,20151230105654
11004,1451451610004,100010,20151230092848
11005,1451451610005,100010,20151230114808
11006,1451451610006,100010,20151230010024
11007,1451451610007,100010,20151230083337
11008,1451451610008,100010,20151230004852
11009,1451451610009,100010,20151230172738
11010,1451451610010,100010,20151230084809
11011,1451451610011,100010,20151230062108
11012,1451451610012,100010,20151230052222
11013,1451451610013,100010,20151230152153
11014,1451451610014,100010,20151230173216
11015,1451451610015,100010,20151230163350
11016,1451451610016,100010,20151230075442
11017,1451451610017,100010,20151230183821
11018,1451451610018,100010,20151230160246
11019,1451451610019,100010,20151230142522
11020,1451451610020,100010,20151230233059
11021,1451451610021,100010,20151230141249
11022,1451451610022,100010,20151230195107
11023,1451451610023,100010,20151230183809
11024,1451451610024,100010,20151230070838
11025,1451451610025,100010,20151230190505
11026,1451451610026,100010,20151230133707
11027,1451451610027,100010,20151230053717
11028,1451451610028,100010,20151230075310
11029,1451451610029,100010,20151230145051
11030,1451451610030,100010,20151230130700
11031,1451451610031,100010,20151230133947
11032,1451451610032,100010,20151230031345
11033,1451451610033,100010,20151230050240
11034,1451451610034,100010,20151230061713
11035,1451451610035,100010,20151230210749
11036,1451451610036,100010,20151230220043
11037,1451451610037,100010,20151230133718
11038,1451451610038,100010,20151230131446
11039,1451451610039,100010,20151230202014
11040,1451451610040,100010,20151230133929
11041,1451451610041,100010,20151230013501
11042,1451451610042,100010,20151230152706
11043,1451451610043,100010,20151230012022
11044,1451451610044,100010,20151230104749
11045,1451451610045,100010,20151230044228
11046,1451451610046,100010,20151230002708
11047,1451451610047,100010,20151230042534
11048,1451451610048,100010,20151230182332
11049,1451451610049,100010,20151230030939
11050,1451451610050,100010,20151230181720
11051,1451451610051,100010,20151230073600
11052,1451451610052,100010,20151230022934
11053,1451451610053,100010,20151230074120
11054,1451451610054,100010,20151230205120
11055,1451451610055,100010,20151230000705
11056,1451451610056,100010,20151230151401
11057,1451451610057,100010,20151230033450
11058,1451451610058,100010,20151230061148
11059,1451451610059,100010,20151230213820
11060,1451451610060,100010,20151230175127
11061,1451451610061,100010,20151230150641
11062,1451451610062,100010,20151230131242
11063,1451451610063,100010,20151230024936
11064,1451451610064,100010,20151230212407
11065,1451451610065,100010,20151230012844
11066,1451451610066,100010,20151230111800
11067,1451451610067,100010,20151230040649
11068,1451451610068,100010,20151230130058
11069,1451451610069,100010,20151230152854
11070,1451451610070,100010,20151230051454
11071,1451451610071,100010,20151230074051
11072,1451451610072,100010,20151230041539
11073,1451451610073,100010,20151230040957
11074,1451451610074,100010,20151230060435
11075,1451451610075,100010,20151230152629
11076,1451451610076,100010,20151230163647
11077,1451451610077,100010,20151230201858
11078,1451451610078,100010,20151230054907
11079,1451451610079,100010,20151230222540
11080,1451451610080,100010,20151230093738
11081,1451451610081,100010,20151230160813
11082,1451451610082,100010,20151230191453
11083,1451451610083,100010,20151230044253
11084,1451451610084,100010,20151230122036
11085,1451451610085,100010,20151230102407
11086,1451451610086,100010,20151230151239
11087,1451451610087,100010,20151230130820
11088,1451451610088,100010,20151230004645
11089,1451451610089,100010,20151230072436
11090,1451451610090,100010,20151230020550
11091,1451451610091,100010,20151230072116
11092,1451451610092,100010,20151230235919
11093,1451451610093,100010,20151230125320
11094,1451451610094,100010,20151230105435
11095,1451451610095,100010,20151230013935
11096,1451451610096,100010,20151230150306
11097,1451451610097,100010,20151230225433
11098,1451451610098,100010,20151230085519
11099,1451451610099,100010,20151230190308
11100,1451451610100,100010,20151230180311
11101,1451451610101,100010,20151230153004
11102,1451451610102,100010,20151230153720
11103,1451451610103,100010,20151230125222
11104,1451451610104,100010,20151230130926
11105,1451451610105,100010,20151230194112
11106,1451451610106,100010,20151230012458
11107,1451451610107,100010,20151230071851
11108,1451451610108,100010,20151230105234
11109,1451451610109,100010,20151230032618
11110,1451451610110,100010,20151230024245
11111,1451451610111,100010,20151230120817
11112,1451451610112,100010,20151230043311
11113,1451451610113,100010,20151230001131
11114,1451451610114,100010,20151230050314
11115,1451451610115,100010,20151230134303
11116,1451451610116,100010,20151230075215
11117,1451451610117,100010,20151230033241
11118,1451451610118,100010,20151230092633
11119,1451451610119,100010,20151230170228
11120,1451451610120,100010,20151230051514
11121,1451451610121,100010,20151230140951
11122,1451451610122,100010,20151230140528
11123,1451451610123,100010,20151230090801
11124,1451451610124,100010,20151230193039
11125,1451451610125,100010,20151230062417
11126,1451451610126,100010,20151230231248
11127,1451451610127,100010,20151230211152
11128,1451451610128,100010,20151230055500
11129,1451451610129,100010,20151230132813
11130,1451451610130,100010,20151230151620
11131,1451451610131,100010,20151230181113
11132,1451451610132,100010,20151230012629
11133,1451451610133,100010,20151230203523
11134,1451451610134,100010,20151230224643
11135,1451451610135,100010,20151230103202
11136,1451451610136,100010,20151230073741
11137,1451451610137,100010,20151230010712
11138,1451451610138,100010,20151230223639
11139,1451451610139,100010,20151230234127
11140,1451451610140,100010,20151230063255
11141,1451451610141,100010,20151230104527
11142,1451451610142,100010,20151230170558
11143,1451451610143,100010,20151230191701
11144,1451451610144,100010,20151230164908
11145,1451451610145,100010,20151230185123
11146,1451451610146,100010,20151230035458
11147,1451451610147,100010,20151230054415
11148,1451451610148,100010,20151230194532
11149,1451451610149,100010,20151230194428
11150,1451451610150,100010,20151230090457
11151,1451451610151,100010,20151230044434
11152,1451451610152,100010,20151230204113
11153,1451451610153,100010,20151230084919
11154,1451451610154,100010,20151230102151
11155,1451451610155,100010,20151230060757
11156,1451451610156,100010,20151230093910
11157,1451451610157,100010,20151230215203
11158,1451451610158,100010,20151230134220
11159,1451451610159,100010,20151230101337
11160,1451451610160,100010,20151230121616
11161,1451451610161,100010,20151230094207
11162,1451451610162,100010,20151230173732
11163,1451451610163,100010,20151230023855
11164,1451451610164,100010,20151230041648
11165,1451451610165,100010,20151230201200
11166,1451451610166,100010,20151230131929
11167,1451451610167,100010,20151230064144
11168,1451451610168,100010,20151230153115
11169,1451451610169,100010,20151230101439
11170,1451451610170,100010,20151230220846
11171,1451451610171,100010,20151230050842
11172,1451451610172,100010,20151230064820
11173,1451451610173,100010,20151230042659
11174,1451451610174,100010,20151230011750
11175,1451451610175,100010,20151230110836
11176,1451451610176,100010,20151230215337
11177,1451451610177,100010,20151230130713
11178,1451451610178,100010,20151230205936
11179,1451451610179,100010,20151230221216
11180,1451451610180,100010,20151230120345
11181,1451451610181,100010,20151230030633
11182,1451451610182,100010,20151230104244
11183,1451451610183,100010,20151230210101
11184,1451451610184,100010,20151230012010
11185,1451451610185,100010,20151230225406
11186,1451451610186,100010,20151230040423
11187,1451451610187,100010,20151230154626
11188,1451451610188,100010,20151230112257
11189,1451451610189,100010,20151230172509
11190,1451451610190,100010,20151230124720
11191,1451451610191,100010,20151230003942
11192,1451451610192,100010,20151230065232
11193,1451451610193,100010,20151230023054
11194,1451451610194,100010,20151230010551
11195,1451451610195,100010,20151230164009
11196,1451451610196,100010,20151230235847
11197,1451451610197,100010,20151230042021
11198,1451451610198,100010,20151230203428
11199,1451451610199,100010,20151230160817
11200,1451451610200,100010,20151230084506
11201,1451451610201,100010,20151230040754
11202,1451451610202,100010,20151230202520
11203,1451451610203,100010,20151230032747
11204,1451451610204,100010,20151230212245
11205,1451451610205,100010,20151230134523
11206,1451451610206,100010,20151230112246
11207,1451451610207,100010,20151230083313
11208,1451451610208,100010,20151230194046
11209,1451451610209,100010,20151230201809
11210,1451451610210,100010,20151230042409
11211,1451451610211,100010,20151230202120
11212,1451451610212,100010,20151230054253
11213,1451451610213,100010,20151230194347
11214,1451451610214,100010,20151230151457
11215,1451451610215,100010,20151230040751
11216,1451451610216,100010,20151230142237
11217,1451451610217,100010,20151230172758
11218,1451451610218,100010,20151230022609
11219,1451451610219,100010,20151230152324
11220,1451451610220,100010,20151230174825
11221,1451451610221,100010,20151230215826
11222,1451451610222,100010,20151230123201
11223,1451451610223,100010,20151230232730
11224,1451451610224,100010,20151230200130
11225,1451451610225,100010,20151230075645
11226,1451451610226,100010,20151230225419
11227,1451451610227,100010,20151230153731
11228,1451451610228,100010,20151230192333
11229,1451451610229,100010,20151230101012
11230,1451451610230,100010,20151230215956
11231,1451451610231,100010,20151230115143
11232,1451451610232,100010,20151230003921
11233,1451451610233,100010,20151230030600
11234,1451451610234,100010,20151230003632
11235,1451451610235,100010,20151230184703
11236,1451451610236,100010,20151230112803
11237,1451451610237,100010,20151230050250
11238,1451451610238,100010,20151230171848
11239,1451451610239,100010,20151230092606
11240,1451451610240,100010,20151230171524
11241,1451451610241,100010,20151230234916
11242,1451451610242,100010,20151230094740
11243,1451451610243,100010,20151230135744
11244,1451451610244,100010,20151230093015
11245,1451451610245,100010,20151230052021
11246,1451451610246,100010,20151230055857
11247,1451451610247,100010,20151230034248
11248,1451451610248,100010,20151230025054
11249,1451451610249,100010,20151230073632
11250,1451451610250,100010,20151230021342
11251,1451451610251,100010,20151230173207
11252,1451451610252,100010,20151230142921
11253,1451451610253,100010,20151230004415
11254,1451451610254,100010,20151230193103
11255,1451451610255,100010,20151230103143
11256,1451451610256,100010,20151230091035
11257,1451451610257,100010,20151230182606
11258,1451451610258,100010,20151230133008
11259,1451451610259,100010,20151230184409
11260,1451451610260,100010,20151230111752
11261,1451451610261,100010,20151230011032
11262,1451451610262,100010,20151230221428
11263,1451451610263,100010,20151230125037
11264,1451451610264,100010,20151230180912
11265,1451451610265,100010,20151230181802
11266,1451451610266,100010,20151230224234
11267,1451451610267,100010,20151230023544
11268,1451451610268,100010,20151230112948
11269,1451451610269,100010,20151230152744
11270,1451451610270,100010,20151230115044
11271,1451451610271,100010,20151230212320
11272,1451451610272,100010,20151230064117
11273,1451451610273,100010,20151230055221
11274,1451451610274,100010,20151230081103
11275,1451451610275,100010,20151230054224
11276,1451451610276,100010,20151230030950
11277,1451451610277,100010,20151230020859
11278,1451451610278,100010,20151230141325
11279,1451451610279,100010,20151230114516
11280,1451451610280,100010,20151230151732
11281,1451451610281,100010,20151230154205
11282,1451451610282,100010,20151230054114
11283,1451451610283,100010,20151230064706
11284,1451451610284,100010,20151230032739
11285,1451451610285,100010,20151230021132
11286,1451451610286,100010,20151230160030
11287,1451451610287,100010,20151230104431
11288,1451451610288,100010,20151230054547
11289,1451451610289,100010,20151230010811
11290,1451451610290,100010,20151230131628
11291,1451451610291,100010,20151230041949
11292,1451451610292,100010,20151230070139
11293,1451451610293,100010,20151230134220
11294,1451451610294,100010,20151230002610
11295,1451451610295,100010,20151230135050
11296,1451451610296,100010,20151230112739
11297,1451451610297,100010,20151230025104
11298,1451451610298,100010,20151230045656
11299,1451451610299,100010,20151230123006
11300,1451451610300,100010,20151230173110
11301,1451451610301,100010,20151230043729
11302,1451451610302,100010,20151230211612
11303,1451451610303,100010,20151230171019
11304,1451451610304,100010,20151230201300
11305,1451451610305,100010,20151230024412
11306,1451451610306,100010,20151230115110
11307,1451451610307,100010,20151230094108
11308,1451451610308,100010,20151230000756
11309,1451451610309,100010,20151230231219
11310,1451451610310,100010,20151230043850
11311,1451451610311,100010,20151230220945
11312,1451451610312,100010,20151230130015
11313,1451451610313,100010,20151230171959
11314,1451451610314,100010,20151230073946
11315,1451451610315,100010,20151230072444
11316,1451451610316,100010,20151230094606
11317,1451451610317,100010,20151230155959
11318,1451451610318,100010,20151230170122
11319,1451451610319,100010,20151230180800
11320,1451451610320,100010,20151230060835
11321,1451451610321,100010,20151230002047
11322,1451451610322,100010,20151230163127
11323,1451451610323,100010,20151230085849
11324,1451451610324,100010,20151230224459
11325,1451451610325,100010,20151230140648
11326,1451451610326,100010,20151230070610
11327,1451451610327,100010,20151230231248
11328,1451451610328,100010,20151230155746
11329,1451451610329,100010,20151230103439
11330,1451451610330,100010,20151230191435
11331,1451451610331,100010,20151230172932
11332,1451451610332,100010,20151230071049
11333,1451451610333,100010,20151230113951
11334,1451451610334,100010,20151230082643
11335,1451451610335,100010,20151230200221
11336,1451451610336,100010,20151230120936
11337,1451451610337,100010,20151230040218
11338,1451451610338,100010,20151230143745
11339,1451451610339,100010,20151230140043
11340,1451451610340,100010,20151230232932
11341,1451451610341,100010,20151230235922
11342,1451451610342,100010,20151230013525
11343,1451451610343,100010,20151230062038
11344,1451451610344,100010,20151230064423
11345,1451451610345,100010,20151230034309
11346,1451451610346,100010,20151230202239
11347,1451451610347,100010,20151230171739
11348,1451451610348,100010,20151230023617
11349,1451451610349,100010,20151230135134
11350,1451451610350,100010,20151230150139
11351,1451451610351,100010,20151230042406
11352,1451451610352,100010,20151230074834
11353,1451451610353,100010,20151230171839
11354,1451451610354,100010,20151230204040
11355,1451451610355,100010,20151230064512
11356,1451451610356,100010,20151230043658
11357,1451451610357,100010,20151230210342
11358,1451451610358,100010,20151230003501
11359,1451451610359,100010,20151230154255
11360,1451451610360,100010,20151230145327
11361,1451451610361,100010,20151230101432
11362,1451451610362,100010,20151230035743
11363,1451451610363,100010,20151230120420
11364,1451451610364,100010,20151230023530
11365,1451451610365,100010,20151230003406
11366,1451451610366,100010,20151230065137
11367,1451451610367,100010,20151230050754
11368,1451451610368,100010,20151230224248
11369,1451451610369,100010,20151230135442
11370,1451451610370,100010,20151230144315
11371,1451451610371,100010,20151230071101
11372,1451451610372,100010,20151230224328
11373,1451451610373,100010,20151230200612
11374,1451451610374,100010,20151230185353
11375,1451451610375,100010,20151230104416
11376,1451451610376,100010,20151230033549
11377,1451451610377,100010,20151230194009
11378,1451451610378,100010,20151230194019
11379,1451451610379,100010,20151230050422
11380,1451451610380,100010,20151230192135
11381,1451451610381,100010,20151230172819
11382,1451451610382,100010,20151230190131
11383,1451451610383,100010,20151230014451
11384,1451451610384,100010,20151230102332
11385,1451451610385,100010,20151230025842
11386,1451451610386,100010,20151230080250
11387,1451451610387,100010,20151230023352
11388,1451451610388,100010,20151230062250
11389,1451451610389,100010,20151230165624
11390,1451451610390,100010,20151230001552
11391,1451451610391,100010,20151230104722
11392,1451451610392,100010,20151230030027
11393,1451451610393,100010,20151230085311
11394,1451451610394,100010,20151230033710
11395,1451451610395,100010,20151230170156
11396,1451451610396,100010,20151230130350
11397,1451451610397,100010,20151230105608
11398,1451451610398,100010,20151230014255
11399,1451451610399,100010,20151230004708
11400,1451451610400,100010,20151230095947
11401,1451451610401,100010,20151230092705
11402,1451451610402,100010,20151230163813
11403,1451451610403,100010,20151230013320
11404,1451451610404,100010,20151230215248
11405,1451451610405,100010,20151230001452
11406,1451451610406,100010,20151230164604
11407,1451451610407,100010,20151230020049
11408,1451451610408,100010,20151230010521
11409,1451451610409,100010,20151230060401
11410,1451451610410,100010,20151230180656
11411,1451451610411,100010,20151230050914
11412,1451451610412,100010,20151230021053
11413,1451451610413,100010,20151230090816
11414,1451451610414,100010,20151230222903
11415,1451451610415,100010,20151230084132
11416,1451451610416,100010,20151230082901
11417,1451451610417,100010,20151230174733
11418,1451451610418,100010,20151230104245
11419,1451451610419,100010,20151230132339
11420,1451451610420,100010,20151230220631
11421,1451451610421,100010,20151230213959
11422,1451451610422,100010,20151230160727
11423,1451451610423,100010,20151230093006
11424,1451451610424,100010,20151230053559
11425,1451451610425,100010,20151230075029
11426,1451451610426,100010,20151230160621
11427,1451451610427,100010,20151230144545
11428,1451451610428,100010,20151230203050
11429,1451451610429,100010,20151230114349
11430,1451451610430,100010,20151230133213
11431,1451451610431,100010,20151230002342
11432,1451451610432,100010,20151230003946
11433,1451451610433,100010,20151230012531
11434,1451451610434,100010,20151230092747
11435,1451451610435,100010,20151230023452
11436,1451451610436,100010,20151230105423
11437,1451451610437,100010,20151230202153
11438,1451451610438,100010,20151230182158
11439,1451451610439,100010,20151230140908
11440,1451451610440,100010,20151230021028
11441,1451451610441,100010,20151230140554
11442,1451451610442,100010,20151230151032
11443,1451451610443,100010,20151230085918
11444,1451451610444,100010,20151230194313
11445,1451451610445,100010,20151230220040
11446,1451451610446,100010,20151230162808
11447,1451451610447,100010,20151230054518
11448,1451451610448,100010,20151230005558
11449,1451451610449,100010,20151230010126
11450,1451451610450,100010,20151230054833
11451,1451451610451,100010,20151230203948
11452,1451451610452,100010,20151230103935
11453,1451451610453,100010,20151230200909
11454,1451451610454,100010,20151230152216
11455,1451451610455,100010,20151230164707
11456,1451451610456,100010,20151230061419
11457,1451451610457,100010,20151230175215
11458,1451451610458,100010,20151230202212
11459,1451451610459,100010,20151230223451
11460,1451451610460,100010,20151230224618
11461,1451451610461,100010,20151230234016
11462,1451451610462,100010,20151230014659
11463,1451451610463,100010,20151230162158
11464,1451451610464,100010,20151230003555
11465,1451451610465,100010,20151230091555
11466,1451451610466,100010,20151230205837
11467,1451451610467,100010,20151230232612
11468,1451451610468,100010,20151230172850
11469,1451451610469,100010,20151230194950
11470,1451451610470,100010,20151230154716
11471,1451451610471,100010,20151230230218
11472,1451451610472,100010,20151230004409
11473,1451451610473,100010,20151230093529
11474,1451451610474,100010,20151230182051
11475,1451451610475,100010,20151230224439
11476,1451451610476,100010,20151230022352
11477,1451451610477,100010,20151230043034
11478,1451451610478,100010,20151230170227
11479,1451451610479,100010,20151230060956
11480,1451451610480,100010,20151230174538
11481,1451451610481,100010,20151230234104
11482,1451451610482,100010,20151230160631
11483,1451451610483,100010,20151230005554
11484,1451451610484,100010,20151230014441
11485,1451451610485,100010,20151230104655
11486,1451451610486,100010,20151230061100
11487,1451451610487,100010,20151230080159
11488,1451451610488,100010,20151230091647
11489,1451451610489,100010,20151230102654
11490,1451451610490,100010,20151230180842
11491,1451451610491,100010,20151230174443
11492,1451451610492,100010,20151230010918
11493,1451451610493,100010,20151230062201
11494,1451451610494,100010,20151230130141
11495,1451451610495,100010,20151230142127
11496,1451451610496,100010,20151230035001
11497,1451451610497,100010,20151230190734
11498,1451451610498,100010,20151230085904
11499,1451451610499,100010,20151230210016
11500,1451451610500,100010,20151230055520
11501,1451451610501,100010,20151230040237
11502,1451451610502,100010,20151230022818
11503,1451451610503,100010,20151230203335
11504,1451451610504,100010,20151230180818
11505,1451451610505,100010,20151230014843
11506,1451451610506,100010,20151230030756
11507,1451451610507,100010,20151230092553
11508,1451451610508,100010,20151230065351
11509,1451451610509,100010,20151230030053
11510,1451451610510,100010,20151230160255
11511,1451451610511,100010,20151230004811
11512,1451451610512,100010,20151230210046
11513,1451451610513,100010,20151230200121
11514,1451451610514,100010,20151230050248
11515,1451451610515,100010,20151230071042
11516,1451451610516,100010,20151230051751
11517,1451451610517,100010,20151230124914
11518,1451451610518,100010,20151230091943
11519,1451451610519,100010,20151230054351
11520,1451451610520,100010,20151230064118
11521,1451451610521,100010,20151230060541
11522,1451451610522,100010,20151230185717
11523,1451451610523,100010,20151230055800
11524,1451451610524,100010,20151230053553
11525,1451451610525,100010,20151230164502
11526,1451451610526,100010,20151230091915
11527,1451451610527,100010,20151230110754
11528,1451451610528,100010,20151230151723
11529,1451451610529,100010,20151230074730
11530,1451451610530,100010,20151230020948
11531,1451451610531,100010,20151230113546
11532,1451451610532,100010,20151230044351
11533,1451451610533,100010,20151230210443
11534,1451451610534,100010,20151230072317
11535,1451451610535,100010,20151230055141
11536,1451451610536,100010,20151230235929
11537,1451451610537,100010,20151230234028
11538,1451451610538,100010,20151230111257
11539,1451451610539,100010,20151230131728
11540,1451451610540,100010,20151230183929
11541,1451451610541,100010,20151230145527
11542,1451451610542,100010,20151230195515
11543,1451451610543,100010,20151230033343
11544,1451451610544,100010,20151230132353
11545,1451451610545,100010,20151230163139
11546,1451451610546,100010,20151230182400
11547,1451451610547,100010,20151230120756
11548,1451451610548,100010,20151230060213
11549,1451451610549,100010,20151230143339
11550,1451451610550,100010,20151230042527
11551,1451451610551,100010,20151230052755
11552,1451451610552,100010,20151230055154
11553,1451451610553,100010,20151230180935
11554,1451451610554,100010,20151230014553
11555,1451451610555,100010,20151230102650
11556,1451451610556,100010,20151230012957
11557,1451451610557,100010,20151230121414
11558,1451451610558,100010,20151230004756
11559,1451451610559,100010,20151230202312
11560,1451451610560,100010,20151230190854
11561,1451451610561,100010,20151230055641
11562,1451451610562,100010,20151230215535
11563,1451451610563,100010,20151230113222
11564,1451451610564,100010,20151230033210
11565,1451451610565,100010,20151230233126
11566,1451451610566,100010,20151230110300
11567,1451451610567,100010,20151230213318
11568,1451451610568,100010,20151230003044
11569,1451451610569,100010,20151230021207
11570,1451451610570,100010,20151230214129
11571,1451451610571,100010,20151230035019
11572,1451451610572,100010,20151230005609
11573,1451451610573,100010,20151230065146
11574,1451451610574,100010,20151230170754
11575,1451451610575,100010,20151230053552
11576,1451451610576,100010,20151230123205
11577,1451451610577,100010,20151230003734
11578,1451451610578,100010,20151230175637
11579,1451451610579,100010,20151230184452
11580,1451451610580,100010,20151230203203
11581,1451451610581,100010,20151230021543
11582,1451451610582,100010,20151230163941
11583,1451451610583,100010,20151230050554
11584,1451451610584,100010,20151230175750
11585,1451451610585,100010,20151230172006
11586,1451451610586,100010,20151230211509
11587,1451451610587,100010,20151230233900
11588,1451451610588,100010,20151230085731
11589,1451451610589,100010,20151230023636
11590,1451451610590,100010,20151230214626
11591,1451451610591,100010,20151230051009
11592,1451451610592,100010,20151230215748
11593,1451451610593,100010,20151230050514
11594,1451451610594,100010,20151230080055
11595,1451451610595,100010,20151230220019
11596,1451451610596,100010,20151230024326
11597,1451451610597,100010,20151230111008
11598,1451451610598,100010,20151230090235
11599,1451451610599,100010,20151230212406
11600,1451451610600,100010,20151230024513
11601,1451451610601,100010,20151230175605
11602,1451451610602,100010,20151230175837
11603,1451451610603,100010,20151230174028
11604,1451451610604,100010,20151230175014
11605,1451451610605,100010,20151230121734
11606,1451451610606,100010,20151230135202
11607,1451451610607,100010,20151230091625
11608,1451451610608,100010,20151230002752
11609,1451451610609,100010,20151230190624
11610,1451451610610,100010,20151230033608
11611,1451451610611,100010,20151230170843
11612,1451451610612,100010,20151230054734
11613,1451451610613,100010,20151230073803
11614,1451451610614,100010,20151230061445
11615,1451451610615,100010,20151230102249
11616,1451451610616,100010,20151230150146
11617,1451451610617,100010,20151230234307
11618,1451451610618,100010,20151230115019
11619,1451451610619,100010,20151230204430
11620,1451451610620,100010,20151230231012
11621,1451451610621,100010,20151230030108
11622,1451451610622,100010,20151230163048
11623,1451451610623,100010,20151230120829
11624,1451451610624,100010,20151230155420
11625,1451451610625,100010,20151230060235
11626,1451451610626,100010,20151230174038
11627,1451451610627,100010,20151230094149
11628,1451451610628,100010,20151230131934
11629,1451451610629,100010,20151230154154
11630,1451451610630,100010,20151230174106
11631,1451451610631,100010,20151230015843
11632,1451451610632,100010,20151230192958
11633,1451451610633,100010,20151230004919
11634,1451451610634,100010,20151230070927
11635,1451451610635,100010,20151230171104
11636,1451451610636,100010,20151230233053
11637,1451451610637,100010,20151230082001
11638,1451451610638,100010,20151230031329
11639,1451451610639,100010,20151230112419
11640,1451451610640,100010,20151230000934
11641,1451451610641,100010,20151230043309
11642,1451451610642,100010,20151230072906
11643,1451451610643,100010,20151230201534
11644,1451451610644,100010,20151230230129
11645,1451451610645,100010,20151230124435
11646,1451451610646,100010,20151230124715
11647,1451451610647,100010,20151230175240
11648,1451451610648,100010,20151230111803
11649,1451451610649,100010,20151230043505
11650,1451451610650,100010,20151230144915
11651,1451451610651,100010,20151230075435
11652,1451451610652,100010,20151230185606
11653,1451451610653,100010,20151230124602
11654,1451451610654,100010,20151230154613
11655,1451451610655,100010,20151230174523
11656,1451451610656,100010,20151230154212
11657,1451451610657,100010,20151230054825
11658,1451451610658,100010,20151230030919
11659,1451451610659,100010,20151230053447
11660,1451451610660,100010,20151230180540
11661,1451451610661,100010,20151230211125
11662,1451451610662,100010,20151230111352
11663,1451451610663,100010,20151230112944
11664,1451451610664,100010,20151230230604
11665,1451451610665,100010,20151230180555
11666,1451451610666,100010,20151230080819
11667,1451451610667,100010,20151230234417
11668,1451451610668,100010,20151230014813
11669,1451451610669,100010,20151230052150
11670,1451451610670,100010,20151230223644
11671,1451451610671,100010,20151230232144
11672,1451451610672,100010,20151230162108
11673,1451451610673,100010,20151230121504
11674,1451451610674,100010,20151230120820
11675,1451451610675,100010,20151230235813
11676,1451451610676,100010,20151230035642
11677,1451451610677,100010,20151230151606
11678,1451451610678,100010,20151230104400
11679,1451451610679,100010,20151230033543
11680,1451451610680,100010,20151230104446
11681,1451451610681,100010,20151230155420
11682,1451451610682,100010,20151230152457
11683,1451451610683,100010,20151230220847
11684,1451451610684,100010,20151230221950
11685,1451451610685,100010,20151230152632
11686,1451451610686,100010,20151230023846
11687,1451451610687,100010,20151230224918
11688,1451451610688,100010,20151230185517
11689,1451451610689,100010,20151230113133
11690,1451451610690,100010,20151230010700
11691,1451451610691,100010,20151230060619
11692,1451451610692,100010,20151230082109
11693,1451451610693,100010,20151230051127
11694,1451451610694,100010,20151230205819
11695,1451451610695,100010,20151230185749
11696,1451451610696,100010,20151230090949
11697,1451451610697,100010,20151230215829
11698,1451451610698,100010,20151230144227
11699,1451451610699,100010,20151230122326
11700,1451451610700,100010,20151230234157
11701,1451451610701,100010,20151230143211
11702,1451451610702,100010,20151230130128
11703,1451451610703,100010,20151230174947
11704,1451451610704,100010,20151230235212
11705,1451451610705,100010,20151230195048
11706,1451451610706,100010,20151230020503
11707,1451451610707,100010,20151230070439
11708,1451451610708,100010,20151230131847
11709,1451451610709,100010,20151230194237
11710,1451451610710,100010,20151230091414
11711,1451451610711,100010,20151230093534
11712,1451451610712,100010,20151230190422
11713,1451451610713,100010,20151230111629
11714,1451451610714,100010,20151230075806
11715,1451451610715,100010,20151230143458
11716,1451451610716,100010,20151230135646
11717,1451451610717,100010,20151230211136
11718,1451451610718,100010,20151230203822
11719,1451451610719,100010,20151230035519
11720,1451451610720,100010,20151230141730
11721,1451451610721,100010,20151230190004
11722,1451451610722,100010,20151230042514
11723,1451451610723,100010,20151230125024
11724,1451451610724,100010,20151230013149
11725,1451451610725,100010,20151230091627
11726,1451451610726,100010,20151230030305
11727,1451451610727,100010,20151230014003
11728,1451451610728,100010,20151230100557
11729,1451451610729,100010,20151230012653
11730,1451451610730,100010,20151230184133
11731,1451451610731,100010,20151230083432
11732,1451451610732,100010,20151230120542
11733,1451451610733,100010,20151230125035
11734,1451451610734,100010,20151230042658
11735,1451451610735,100010,20151230142624
11736,1451451610736,100010,20151230024338
11737,1451451610737,100010,20151230222603
11738,1451451610738,100010,20151230131932
11739,1451451610739,100010,20151230125348
11740,1451451610740,100010,20151230123626
11741,1451451610741,100010,20151230114031
11742,1451451610742,100010,20151230010547
11743,1451451610743,100010,20151230053155
11744,1451451610744,100010,20151230115522
11745,1451451610745,100010,20151230185906
11746,1451451610746,100010,20151230055700
11747,1451451610747,100010,20151230140402
11748,1451451610748,100010,20151230054852
11749,1451451610749,100010,20151230232818
11750,1451451610750,100010,20151230120153
11751,1451451610751,100010,20151230083058
11752,1451451610752,100010,20151230083543
11753,1451451610753,100010,20151230123728
11754,1451451610754,100010,20151230215501
11755,1451451610755,100010,20151230170948
11756,1451451610756,100010,20151230174635
11757,1451451610757,100010,20151230103123
11758,1451451610758,100010,20151230170607
11759,1451451610759,100010,20151230174000
11760,1451451610760,100010,20151230052112
11761,1451451610761,100010,20151230015055
11762,1451451610762,100010,20151230215316
11763,1451451610763,100010,20151230155525
11764,1451451610764,100010,20151230162115
11765,1451451610765,100010,20151230222404
11766,1451451610766,100010,20151230093456
11767,1451451610767,100010,20151230140439
11768,1451451610768,100010,20151230003932
11769,1451451610769,100010,20151230173306
11770,1451451610770,100010,20151230120739
11771,1451451610771,100010,20151230185359
11772,1451451610772,100010,20151230064706
11773,1451451610773,100010,20151230213658
11774,1451451610774,100010,20151230010746
11775,1451451610775,100010,20151230073748
11776,1451451610776,100010,20151230154112
11777,1451451610777,100010,20151230175647
11778,1451451610778,100010,20151230032452
11779,1451451610779,100010,20151230181040
11780,1451451610780,100010,20151230222222
11781,1451451610781,100010,20151230142127
11782,1451451610782,100010,20151230044933
11783,1451451610783,100010,20151230181843
11784,1451451610784,100010,20151230093551
11785,1451451610785,100010,20151230195553
11786,1451451610786,100010,20151230133746
11787,1451451610787,100010,20151230002028
11788,1451451610788,100010,20151230020518
11789,1451451610789,100010,20151230120413
11790,1451451610790,100010,20151230081114
11791,1451451610791,100010,20151230185719
11792,1451451610792,100010,20151230200219
11793,1451451610793,100010,20151230195918
11794,1451451610794,100010,20151230195555
11795,1451451610795,100010,20151230042140
11796,1451451610796,100010,20151230063344
11797,1451451610797,100010,20151230015252
11798,1451451610798,100010,20151230200056
11799,1451451610799,100010,20151230221836
11800,1451451610800,100010,20151230131925
11801,1451451610801,100010,20151230155459
11802,1451451610802,100010,20151230092841
11803,1451451610803,100010,20151230103440
11804,1451451610804,100010,20151230213647
11805,1451451610805,100010,20151230104309
11806,1451451610806,100010,20151230112714
11807,1451451610807,100010,20151230030852
11808,1451451610808,100010,20151230212342
11809,1451451610809,100010,20151230112311
11810,1451451610810,100010,20151230010202
11811,1451451610811,100010,20151230084329
11812,1451451610812,100010,20151230153929
11813,1451451610813,100010,20151230032505
11814,1451451610814,100010,20151230004400
11815,1451451610815,100010,20151230004803
11816,1451451610816,100010,20151230175737
11817,1451451610817,100010,20151230172732
11818,1451451610818,100010,20151230214439
11819,1451451610819,100010,20151230030334
11820,1451451610820,100010,20151230090928
11821,1451451610821,100010,20151230132113
11822,1451451610822,100010,20151230215659
11823,1451451610823,100010,20151230193743
11824,1451451610824,100010,20151230202817
11825,1451451610825,100010,20151230121702
11826,1451451610826,100010,20151230054550
11827,1451451610827,100010,20151230131608
11828,1451451610828,100010,20151230043332
11829,1451451610829,100010,20151230051408
11830,1451451610830,100010,20151230082908
11831,1451451610831,100010,20151230162258
11832,1451451610832,100010,20151230224921
11833,1451451610833,100010,20151230121122
11834,1451451610834,100010,20151230202159
11835,1451451610835,100010,20151230232702
11836,1451451610836,100010,20151230235655
11837,1451451610837,100010,20151230144944
11838,1451451610838,100010,20151230022545
11839,1451451610839,100010,20151230091829
11840,1451451610840,100010,20151230084817
11841,1451451610841,100010,20151230132816
11842,1451451610842,100010,20151230004240
11843,1451451610843,100010,20151230115559
11844,1451451610844,100010,20151230015327
11845,1451451610845,100010,20151230215535
11846,1451451610846,100010,20151230064129
11847,1451451610847,100010,20151230065408
11848,1451451610848,100010,20151230201316
11849,1451451610849,100010,20151230002102
11850,1451451610850,100010,20151230073112
11851,1451451610851,100010,20151230210201
11852,1451451610852,100010,20151230114500
11853,1451451610853,100010,20151230045841
11854,1451451610854,100010,20151230105151
11855,1451451610855,100010,20151230173958
11856,1451451610856,100010,20151230123310
11857,1451451610857,100010,20151230131919
11858,1451451610858,100010,20151230070623
11859,1451451610859,100010,20151230011322
11860,1451451610860,100010,20151230205647
11861,1451451610861,100010,20151230220027
11862,1451451610862,100010,20151230042228
11863,1451451610863,100010,20151230184725
11864,1451451610864,100010,20151230172043
11865,1451451610865,100010,20151230003953
11866,1451451610866,100010,20151230095039
11867,1451451610867,100010,20151230193516
11868,1451451610868,100010,20151230054615
11869,1451451610869,100010,20151230182915
11870,1451451610870,100010,20151230153418
11871,1451451610871,100010,20151230030815
11872,1451451610872,100010,20151230192420
11873,1451451610873,100010,20151230203518
11874,1451451610874,100010,20151230125920
11875,1451451610875,100010,20151230163650
11876,1451451610876,100010,20151230181953
11877,1451451610877,100010,20151230001612
11878,1451451610878,100010,20151230180245
11879,1451451610879,100010,20151230160521
11880,1451451610880,100010,20151230015510
11881,1451451610881,100010,20151230091317
11882,1451451610882,100010,20151230054952
11883,1451451610883,100010,20151230234836
11884,1451451610884,100010,20151230110837
11885,1451451610885,100010,20151230055244
11886,1451451610886,100010,20151230063122
11887,1451451610887,100010,20151230213054
11888,1451451610888,100010,20151230095513
11889,1451451610889,100010,20151230123339
11890,1451451610890,100010,20151230071632
11891,1451451610891,100010,20151230185125
